 18 220 175  71  24 167 250 118  36  27  196 183 240 154 151 101
 29  51 145 131 235  34 193 223  49  58 210  0 236  85 14  184
 98 213 106 139   70 182 113  47  62 161 164 251 171 126  21  76
229 197 162 114 144  16 177 108 200 125  17  68 212  59 239 233
 31 105  35  65  72 130  38 178  32  83 129 189 176  89 181 217
100   13 141  67  77  73 112  60 155  37 150 211 246 191  84 111
149 215  54 159   9 143  10 117 222  99 115 121 166 238 180 254
 82 206 252 79 214 209 203 231 207 148  41 120  91 224 146 109
  3 137 242  78 127 188   6 208 138  15 170 156  57 195  28 247
110  11 255 230 124   4  96 119  46  25 243 142 165  42  97 205
227   7 102 226 218   1 103  93 204  33  81  63 107  86  26 221
253  88  22 158  94 173  20  90  92 198 202 232 185 249 225  56
152 228  2  48  44 136 174  55 234 172 187  50  80 194  45  87
  66  39 140 122  5 168 132  64 241 248  74  61   8 163 135  95
169  75 219 134  12 216 237 199 153 201 190 128 157 104 244  40
186 123  30 179  19 245 160  43 147 133  52 192  69  53 116  23
