240 173 187 63 112 234 116 221 237 28 110 46 244 202 181 117 
85 139 89 99 106 23 132 178 233 198 97 43 24 61 235 141 
228 248 144 100 177 101 32 9 115 243 55 124 231 66 35 87 
76 31 52 129 29 192 130 68 64 197 73 165 113 170 180 121 
6 69 188 223 17 186 27 163 1 251 4 122 236 107 176 215 
207 150 210 45 56 54 184 213 36 155 48 57 206 146 217 5 
88 239 123 164 26 92 225 25 70 102 16 161 195 105 20 185 
13 175 22 193 94 214 247 226 242 42 128 246 7 58 190 154 
199 86 11 227 75 14 136 149 19 49 111 167 98 137 211 37 
252 135 158 220 250 224 156 83 74 33 108 153 30 133 196 78 
103 47 53 10 194 142 166 71 79 84 39 62 82 204 249 253 
245 151 127 182 3 8 80 119 120 159 44 191 172 241 229 200 
174 51 104 126 131 255 232 209 125 18 183 143 0 60 95 145 
41 171 38 160 12 222 238 148 50 189 81 162 21 67 77 218 
169 168 134 201 40 140 15 2 138 65 219 179 203 147 34 208 
205 109 157 152 254 59 212 230 216 72 114 90 118 93 96 91 
