119  36 182 250  10 147  59 202  92 171 223 167  70  60  90  95
 73 115 184 212 246 190 118 133  43 175 227 125 237 150 153 220
 68 248  97 241  88  94 209 216  21 113  50 194  12 239 108 126
 49 204 208 112  65  47  69 131 170  78 214  91   1  86  76 174
 17 192  71  24 196  45   4 228 230 116 140 218 188   9 255 103
166  27  19  64 135  61  40  77 197 165 163  26 164 130 111  34
  2 160  48 127 199  75 102 107 124 189 137 244 106 181   6 129
141  72 217  53  89  66  11 105 177 251  58  13  81 114  25 122
186 169  30  38  22  35 249 187   8  37 245 222  14  46 176  93
219 159 120 144 183 161  28  51  33 243 231 178 203 155 229 233
211   0 254  42 198 226   7 179  16  31  44 236 152  55  82 221
 32 240 205 134  18 238 149 168  74 109 242  87  96 154 139 247
100 200 185 210 121  80  79 201  15  23  56 138 213 215 128 206
 67 253 234  85   3 173 207 225 191  99 156 180  62  41 110 235
 84 101  63 151 132 158  20 148 157  83 123 117  39  57 252 195
193 172 232  29 142   5 136  98 224  54 104 143 162 145 146  52
