 95 176 203 172 164 209  56 200 248 116 182 254 195 188 132  55
134  20 118 184  38  10 167  96 245  63  88 169 229  0  39 121
244 155 238 162 179 207  130  50  197  35   1   9 216 100 156 102
206 180 243 219  71 190  12  28 140   2 143 124 170  14  53 199
103  62  59  94 117 137  25 220 235 144  89   5  61 107  31 146
  6 145  80 191  87  68  58 205 141 201 181 105  49 228  83 204
101 122  54 158 186 177 106  24  81 44 234  17 224   4  46  43
161 126 202 133  75 136  92  47  79  84 192  32 138 236 166  45
 65  67  34 135 227  52  99 185 147  72 233  78 239  70 183   98
253  91  26  30  51 11  21 249   3 149  19 128  48  16  36 174
 60  82 231  13  66 160 214 120 159 218 113  29 223 178  69 129
251  90  76 175 168  42 173 187  73 210 109 246  22 232 221 222
 93 255 142 196 226 114 250   7  23  27 247  37  64 119 211 131
112  40  97 193 157   8 123 111 242 217 148 252 139 194 171 153
 57 165 115 154 152 163 212  85 108 189 213 104 127  15 208 241
198 240  86 237 110 225  18  33 151  74 215 150  77 230  41 125
